Result for strategy E0V1E1
=============================================================== BACKTESTING REPORT ==============================================================
|            Pair |   Entries |   Avg Profit % |   Cum Profit % |   Tot Profit USDT |   Tot Profit % |   Avg Duration |   Win  Draw  Loss  Win% |
|-----------------+-----------+----------------+----------------+-------------------+----------------+----------------+-------------------------|
|        FTT/USDT |         8 |           3.80 |          30.40 |           309.679 |          30.97 |        0:56:00 |     8     0     0   100 |
|       TROY/USDT |         6 |           3.57 |          21.42 |           272.304 |          27.23 |        1:04:00 |     3     0     3  50.0 |
|        SLF/USDT |         5 |           3.54 |          17.68 |           158.809 |          15.88 |        1:33:00 |     5     0     0   100 |
|     SANTOS/USDT |         3 |           3.79 |          11.38 |           149.308 |          14.93 |        0:15:00 |     3     0     0   100 |
|        AST/USDT |         5 |           3.12 |          15.59 |           137.033 |          13.70 |        0:34:00 |     4     0     1  80.0 |
|      CHESS/USDT |         5 |           2.01 |          10.07 |           111.949 |          11.19 |        0:25:00 |     5     0     0   100 |
|       BETA/USDT |         3 |           2.98 |           8.95 |            86.591 |           8.66 |        1:42:00 |     2     0     1  66.7 |
|        DIA/USDT |         3 |           2.43 |           7.29 |            85.484 |           8.55 |        0:53:00 |     3     0     0   100 |
|       RARE/USDT |        11 |           1.15 |          12.67 |            73.636 |           7.36 |        0:35:00 |    10     0     1  90.9 |
|       VITE/USDT |         5 |           2.10 |          10.48 |            70.639 |           7.06 |        0:24:00 |     5     0     0   100 |
|      VOXEL/USDT |         3 |           4.15 |          12.46 |            70.468 |           7.05 |        0:45:00 |     3     0     0   100 |
|     ALPINE/USDT |         3 |           1.99 |           5.96 |            60.040 |           6.00 |        1:47:00 |     3     0     0   100 |
|        SYS/USDT |         4 |           2.11 |           8.43 |            46.802 |           4.68 |        1:32:00 |     3     0     1  75.0 |
|        RAD/USDT |         3 |           1.21 |           3.62 |            46.385 |           4.64 |        0:32:00 |     2     0     1  66.7 |
|     ALPACA/USDT |         4 |           1.80 |           7.21 |            45.460 |           4.55 |        0:54:00 |     4     0     0   100 |
|        KDA/USDT |         1 |           5.61 |           5.61 |            44.047 |           4.40 |        0:40:00 |     1     0     0   100 |
|      NEIRO/USDT |         4 |           0.95 |           3.78 |            42.911 |           4.29 |        2:32:00 |     4     0     0   100 |
|      PORTO/USDT |         2 |           1.49 |           2.98 |            42.516 |           4.25 |        4:12:00 |     2     0     0   100 |
|        ENA/USDT |         1 |           3.93 |           3.93 |            42.335 |           4.23 |        0:15:00 |     1     0     0   100 |
|        PSG/USDT |         2 |           1.81 |           3.63 |            39.846 |           3.98 |        0:52:00 |     2     0     0   100 |
|        OAX/USDT |         1 |           3.52 |           3.52 |            39.326 |           3.93 |        0:25:00 |     1     0     0   100 |
|        APE/USDT |         2 |           1.61 |           3.22 |            38.182 |           3.82 |        1:05:00 |     2     0     0   100 |
|       FIDA/USDT |         3 |           1.28 |           3.83 |            38.069 |           3.81 |        1:33:00 |     2     0     1  66.7 |
|        GFT/USDT |         3 |           2.25 |           6.76 |            34.381 |           3.44 |        0:40:00 |     3     0     0   100 |
|      CREAM/USDT |         2 |           2.69 |           5.39 |            33.461 |           3.35 |        2:00:00 |     2     0     0   100 |
|       USTC/USDT |         4 |           0.78 |           3.12 |            33.136 |           3.31 |        1:24:00 |     4     0     0   100 |
|       STPT/USDT |         2 |           2.08 |           4.16 |            32.766 |           3.28 |        0:30:00 |     2     0     0   100 |
|        CTK/USDT |         1 |           2.71 |           2.71 |            32.762 |           3.28 |        0:20:00 |     1     0     0   100 |
|       IDEX/USDT |         5 |           0.93 |           4.64 |            31.834 |           3.18 |        0:38:00 |     4     0     1  80.0 |
|      ALICE/USDT |         1 |           5.23 |           5.23 |            30.331 |           3.03 |        0:05:00 |     1     0     0   100 |
|       HARD/USDT |        16 |           0.32 |           5.16 |            30.172 |           3.02 |        1:31:00 |    12     0     4  75.0 |
|       UNFI/USDT |         3 |           0.80 |           2.39 |            29.035 |           2.90 |        0:45:00 |     2     0     1  66.7 |
|       VIDT/USDT |         5 |           0.70 |           3.51 |            24.227 |           2.42 |        3:06:00 |     3     0     2  60.0 |
|       GHST/USDT |         1 |           2.46 |           2.46 |            23.986 |           2.40 |        0:25:00 |     1     0     0   100 |
|        SUN/USDT |         4 |           0.91 |           3.65 |            23.771 |           2.38 |        2:35:00 |     4     0     0   100 |
|        XAI/USDT |         1 |           2.06 |           2.06 |            23.540 |           2.35 |        0:15:00 |     1     0     0   100 |
|        ERN/USDT |         2 |           2.24 |           4.48 |            23.309 |           2.33 |        0:52:00 |     2     0     0   100 |
|       ARDR/USDT |         2 |           1.39 |           2.77 |            23.132 |           2.31 |        4:15:00 |     2     0     0   100 |
|       DODO/USDT |         2 |           1.41 |           2.82 |            22.706 |           2.27 |        0:25:00 |     2     0     0   100 |
|     BURGER/USDT |         2 |           1.51 |           3.03 |            20.901 |           2.09 |        0:32:00 |     2     0     0   100 |
|          T/USDT |         1 |           3.57 |           3.57 |            19.014 |           1.90 |        0:50:00 |     1     0     0   100 |
|        AMB/USDT |         2 |           1.69 |           3.39 |            18.047 |           1.80 |        0:35:00 |     2     0     0   100 |
|        TIA/USDT |         1 |           1.56 |           1.56 |            17.840 |           1.78 |        0:20:00 |     1     0     0   100 |
|       MBOX/USDT |         1 |           2.88 |           2.88 |            17.446 |           1.74 |        0:20:00 |     1     0     0   100 |
|       ARPA/USDT |         1 |           1.27 |           1.27 |            15.054 |           1.51 |        0:40:00 |     1     0     0   100 |
|     BANANA/USDT |         1 |           2.80 |           2.80 |            14.823 |           1.48 |        0:10:00 |     1     0     0   100 |
|        BSW/USDT |         2 |           1.04 |           2.08 |            14.351 |           1.44 |        0:20:00 |     2     0     0   100 |
|       FLUX/USDT |         2 |           1.11 |           2.22 |            13.418 |           1.34 |        1:40:00 |     2     0     0   100 |
|      CYBER/USDT |         1 |           1.85 |           1.85 |            12.973 |           1.30 |        0:20:00 |     1     0     0   100 |
|        SNT/USDT |         1 |           1.59 |           1.59 |            12.103 |           1.21 |        0:15:00 |     1     0     0   100 |
|        SOL/USDT |         1 |           2.35 |           2.35 |            12.022 |           1.20 |        0:25:00 |     1     0     0   100 |
|        GLM/USDT |         1 |           2.11 |           2.11 |            11.434 |           1.14 |        0:40:00 |     1     0     0   100 |
|        TKO/USDT |         1 |           1.44 |           1.44 |            11.275 |           1.13 |        0:35:00 |     1     0     0   100 |
|        AMP/USDT |         2 |           0.97 |           1.93 |            10.849 |           1.08 |        0:40:00 |     2     0     0   100 |
|       BONK/USDT |         1 |           0.97 |           0.97 |            10.470 |           1.05 |        0:15:00 |     1     0     0   100 |
|        ARK/USDT |         2 |           0.58 |           1.16 |             9.947 |           0.99 |        0:40:00 |     2     0     0   100 |
|        RSR/USDT |         1 |           1.43 |           1.43 |             9.780 |           0.98 |        0:15:00 |     1     0     0   100 |
|        REI/USDT |         2 |           0.84 |           1.67 |             9.742 |           0.97 |        1:12:00 |     2     0     0   100 |
|       OOKI/USDT |         4 |           0.25 |           1.00 |             9.556 |           0.96 |        3:30:00 |     3     0     1  75.0 |
|         IQ/USDT |         1 |           1.82 |           1.82 |             9.143 |           0.91 |        0:20:00 |     1     0     0   100 |
|        SXP/USDT |         1 |           1.04 |           1.04 |             8.412 |           0.84 |        1:20:00 |     1     0     0   100 |
|       SAGA/USDT |         1 |           1.05 |           1.05 |             8.027 |           0.80 |        0:15:00 |     1     0     0   100 |
|         BB/USDT |         1 |           1.39 |           1.39 |             7.938 |           0.79 |        0:25:00 |     1     0     0   100 |
|       BTTC/USDT |         1 |           1.34 |           1.34 |             6.909 |           0.69 |        0:30:00 |     1     0     0   100 |
|        NOT/USDT |         1 |           0.95 |           0.95 |             6.800 |           0.68 |        0:50:00 |     1     0     0   100 |
|       BOME/USDT |         1 |           0.61 |           0.61 |             6.778 |           0.68 |        0:25:00 |     1     0     0   100 |
|        COS/USDT |         1 |           0.88 |           0.88 |             5.254 |           0.53 |        1:00:00 |     1     0     0   100 |
|        QKC/USDT |         1 |           0.98 |           0.98 |             5.194 |           0.52 |        1:35:00 |     1     0     0   100 |
|       PERP/USDT |         1 |           0.42 |           0.42 |             5.022 |           0.50 |        0:30:00 |     1     0     0   100 |
| 1MBABYDOGE/USDT |         2 |           0.24 |           0.48 |             4.601 |           0.46 |        0:25:00 |     2     0     0   100 |
|       SCRT/USDT |         1 |           0.87 |           0.87 |             4.330 |           0.43 |        0:10:00 |     1     0     0   100 |
|        ATM/USDT |         1 |           0.33 |           0.33 |             3.234 |           0.32 |        1:15:00 |     1     0     0   100 |
|         IO/USDT |         1 |           0.50 |           0.50 |             3.167 |           0.32 |        0:25:00 |     1     0     0   100 |
|          G/USDT |         1 |           0.51 |           0.51 |             2.754 |           0.28 |        0:35:00 |     1     0     0   100 |
|        UMA/USDT |         1 |           0.16 |           0.16 |             1.804 |           0.18 |        2:15:00 |     1     0     0   100 |
|      STRAX/USDT |         1 |           0.27 |           0.27 |             1.396 |           0.14 |        2:30:00 |     1     0     0   100 |
|        RVN/USDT |         1 |           0.10 |           0.10 |             1.345 |           0.13 |        0:50:00 |     1     0     0   100 |
|        DGB/USDT |         1 |           0.20 |           0.20 |             1.094 |           0.11 |        0:25:00 |     1     0     0   100 |
|       DATA/USDT |         1 |           0.11 |           0.11 |             0.994 |           0.10 |        1:00:00 |     1     0     0   100 |
|      PIXEL/USDT |         3 |          -0.63 |          -1.89 |             0.185 |           0.02 |        1:37:00 |     2     0     1  66.7 |
|       IOST/USDT |         0 |           0.00 |           0.00 |             0.000 |           0.00 |           0:00 |     0     0     0     0 |
|        BNT/USDT |         0 |           0.00 |           0.00 |             0.000 |           0.00 |           0:00 |     0     0     0     0 |
|        LSK/USDT |         0 |           0.00 |           0.00 |             0.000 |           0.00 |           0:00 |     0     0     0     0 |
|      POLYX/USDT |         0 |           0.00 |           0.00 |             0.000 |           0.00 |           0:00 |     0     0     0     0 |
|        PHB/USDT |         0 |           0.00 |           0.00 |             0.000 |           0.00 |           0:00 |     0     0     0     0 |
|       EGLD/USDT |         0 |           0.00 |           0.00 |             0.000 |           0.00 |           0:00 |     0     0     0     0 |
|         QI/USDT |         0 |           0.00 |           0.00 |             0.000 |           0.00 |           0:00 |     0     0     0     0 |
|       CTXC/USDT |         0 |           0.00 |           0.00 |             0.000 |           0.00 |           0:00 |     0     0     0     0 |
|        AXS/USDT |         0 |           0.00 |           0.00 |             0.000 |           0.00 |           0:00 |     0     0     0     0 |
|        WOO/USDT |         0 |           0.00 |           0.00 |             0.000 |           0.00 |           0:00 |     0     0     0     0 |
|       NEXO/USDT |         0 |           0.00 |           0.00 |             0.000 |           0.00 |           0:00 |     0     0     0     0 |
|        KEY/USDT |         0 |           0.00 |           0.00 |             0.000 |           0.00 |           0:00 |     0     0     0     0 |
|        EDU/USDT |         0 |           0.00 |           0.00 |             0.000 |           0.00 |           0:00 |     0     0     0     0 |
|       VTHO/USDT |         0 |           0.00 |           0.00 |             0.000 |           0.00 |           0:00 |     0     0     0     0 |
|        MTL/USDT |         0 |           0.00 |           0.00 |             0.000 |           0.00 |           0:00 |     0     0     0     0 |
|        CRV/USDT |         0 |           0.00 |           0.00 |             0.000 |           0.00 |           0:00 |     0     0     0     0 |
|        ZIL/USDT |         0 |           0.00 |           0.00 |             0.000 |           0.00 |           0:00 |     0     0     0     0 |
|       AAVE/USDT |         0 |           0.00 |           0.00 |             0.000 |           0.00 |           0:00 |     0     0     0     0 |
|        ATA/USDT |         0 |           0.00 |           0.00 |             0.000 |           0.00 |           0:00 |     0     0     0     0 |
|       HIVE/USDT |         0 |           0.00 |           0.00 |             0.000 |           0.00 |           0:00 |     0     0     0     0 |
|     BADGER/USDT |         0 |           0.00 |           0.00 |             0.000 |           0.00 |           0:00 |     0     0     0     0 |
|       LQTY/USDT |         0 |           0.00 |           0.00 |             0.000 |           0.00 |           0:00 |     0     0     0     0 |
|        LTO/USDT |         0 |           0.00 |           0.00 |             0.000 |           0.00 |           0:00 |     0     0     0     0 |
|        BAL/USDT |         0 |           0.00 |           0.00 |             0.000 |           0.00 |           0:00 |     0     0     0     0 |
|       API3/USDT |         0 |           0.00 |           0.00 |             0.000 |           0.00 |           0:00 |     0     0     0     0 |
|        ZEN/USDT |         0 |           0.00 |           0.00 |             0.000 |           0.00 |           0:00 |     0     0     0     0 |
|        UFT/USDT |         0 |           0.00 |           0.00 |             0.000 |           0.00 |           0:00 |     0     0     0     0 |
|        XNO/USDT |         0 |           0.00 |           0.00 |             0.000 |           0.00 |           0:00 |     0     0     0     0 |
|         DF/USDT |         0 |           0.00 |           0.00 |             0.000 |           0.00 |           0:00 |     0     0     0     0 |
|        KSM/USDT |         0 |           0.00 |           0.00 |             0.000 |           0.00 |           0:00 |     0     0     0     0 |
|       AKRO/USDT |         0 |           0.00 |           0.00 |             0.000 |           0.00 |           0:00 |     0     0     0     0 |
|        JUV/USDT |         0 |           0.00 |           0.00 |             0.000 |           0.00 |           0:00 |     0     0     0     0 |
|        LIT/USDT |         0 |           0.00 |           0.00 |             0.000 |           0.00 |           0:00 |     0     0     0     0 |
|     PEOPLE/USDT |         0 |           0.00 |           0.00 |             0.000 |           0.00 |           0:00 |     0     0     0     0 |
|      MAGIC/USDT |         0 |           0.00 |           0.00 |             0.000 |           0.00 |           0:00 |     0     0     0     0 |
|        CHR/USDT |         0 |           0.00 |           0.00 |             0.000 |           0.00 |           0:00 |     0     0     0     0 |
|       LINA/USDT |         0 |           0.00 |           0.00 |             0.000 |           0.00 |           0:00 |     0     0     0     0 |
|        RIF/USDT |         0 |           0.00 |           0.00 |             0.000 |           0.00 |           0:00 |     0     0     0     0 |
|        ONT/USDT |         0 |           0.00 |           0.00 |             0.000 |           0.00 |           0:00 |     0     0     0     0 |
|        CFX/USDT |         0 |           0.00 |           0.00 |             0.000 |           0.00 |           0:00 |     0     0     0     0 |
|        VIB/USDT |         0 |           0.00 |           0.00 |             0.000 |           0.00 |           0:00 |     0     0     0     0 |
|        ACH/USDT |         0 |           0.00 |           0.00 |             0.000 |           0.00 |           0:00 |     0     0     0     0 |
|       COMP/USDT |         0 |           0.00 |           0.00 |             0.000 |           0.00 |           0:00 |     0     0     0     0 |
|       IOTA/USDT |         0 |           0.00 |           0.00 |             0.000 |           0.00 |           0:00 |     0     0     0     0 |
|       BAKE/USDT |         0 |           0.00 |           0.00 |             0.000 |           0.00 |           0:00 |     0     0     0     0 |
|       MASK/USDT |         0 |           0.00 |           0.00 |             0.000 |           0.00 |           0:00 |     0     0     0     0 |
|     PENDLE/USDT |         0 |           0.00 |           0.00 |             0.000 |           0.00 |           0:00 |     0     0     0     0 |
|      STEEM/USDT |         0 |           0.00 |           0.00 |             0.000 |           0.00 |           0:00 |     0     0     0     0 |
|        IMX/USDT |         0 |           0.00 |           0.00 |             0.000 |           0.00 |           0:00 |     0     0     0     0 |
|        UTK/USDT |         0 |           0.00 |           0.00 |             0.000 |           0.00 |           0:00 |     0     0     0     0 |
|        REN/USDT |         0 |           0.00 |           0.00 |             0.000 |           0.00 |           0:00 |     0     0     0     0 |
|       IRIS/USDT |         0 |           0.00 |           0.00 |             0.000 |           0.00 |           0:00 |     0     0     0     0 |
|       FLOW/USDT |         0 |           0.00 |           0.00 |             0.000 |           0.00 |           0:00 |     0     0     0     0 |
|        LDO/USDT |         0 |           0.00 |           0.00 |             0.000 |           0.00 |           0:00 |     0     0     0     0 |
|      LEVER/USDT |         0 |           0.00 |           0.00 |             0.000 |           0.00 |           0:00 |     0     0     0     0 |
|        GMX/USDT |         0 |           0.00 |           0.00 |             0.000 |           0.00 |           0:00 |     0     0     0     0 |
|        JTO/USDT |         0 |           0.00 |           0.00 |             0.000 |           0.00 |           0:00 |     0     0     0     0 |
|       CELR/USDT |         0 |           0.00 |           0.00 |             0.000 |           0.00 |           0:00 |     0     0     0     0 |
|       ANKR/USDT |         0 |           0.00 |           0.00 |             0.000 |           0.00 |           0:00 |     0     0     0     0 |
|         AI/USDT |         0 |           0.00 |           0.00 |             0.000 |           0.00 |           0:00 |     0     0     0     0 |
|        WIN/USDT |         0 |           0.00 |           0.00 |             0.000 |           0.00 |           0:00 |     0     0     0     0 |
|        BEL/USDT |         0 |           0.00 |           0.00 |             0.000 |           0.00 |           0:00 |     0     0     0     0 |
|        ACA/USDT |         0 |           0.00 |           0.00 |             0.000 |           0.00 |           0:00 |     0     0     0     0 |
|       DYDX/USDT |         0 |           0.00 |           0.00 |             0.000 |           0.00 |           0:00 |     0     0     0     0 |
|        FET/USDT |         0 |           0.00 |           0.00 |             0.000 |           0.00 |           0:00 |     0     0     0     0 |
|       DENT/USDT |         0 |           0.00 |           0.00 |             0.000 |           0.00 |           0:00 |     0     0     0     0 |
|        NKN/USDT |         0 |           0.00 |           0.00 |             0.000 |           0.00 |           0:00 |     0     0     0     0 |
|        INJ/USDT |         0 |           0.00 |           0.00 |             0.000 |           0.00 |           0:00 |     0     0     0     0 |
|         OP/USDT |         0 |           0.00 |           0.00 |             0.000 |           0.00 |           0:00 |     0     0     0     0 |
|       IOTX/USDT |         0 |           0.00 |           0.00 |             0.000 |           0.00 |           0:00 |     0     0     0     0 |
|        ZRX/USDT |         0 |           0.00 |           0.00 |             0.000 |           0.00 |           0:00 |     0     0     0     0 |
|        JOE/USDT |         0 |           0.00 |           0.00 |             0.000 |           0.00 |           0:00 |     0     0     0     0 |
|        GAS/USDT |         0 |           0.00 |           0.00 |             0.000 |           0.00 |           0:00 |     0     0     0     0 |
|       GLMR/USDT |         0 |           0.00 |           0.00 |             0.000 |           0.00 |           0:00 |     0     0     0     0 |
|         SC/USDT |         0 |           0.00 |           0.00 |             0.000 |           0.00 |           0:00 |     0     0     0     0 |
|      FLOKI/USDT |         0 |           0.00 |           0.00 |             0.000 |           0.00 |           0:00 |     0     0     0     0 |
|        GNO/USDT |         0 |           0.00 |           0.00 |             0.000 |           0.00 |           0:00 |     0     0     0     0 |
|        SEI/USDT |         0 |           0.00 |           0.00 |             0.000 |           0.00 |           0:00 |     0     0     0     0 |
|       BIFI/USDT |         0 |           0.00 |           0.00 |             0.000 |           0.00 |           0:00 |     0     0     0     0 |
|    AUCTION/USDT |         0 |           0.00 |           0.00 |             0.000 |           0.00 |           0:00 |     0     0     0     0 |
|         AR/USDT |         0 |           0.00 |           0.00 |             0.000 |           0.00 |           0:00 |     0     0     0     0 |
|        WRX/USDT |         0 |           0.00 |           0.00 |             0.000 |           0.00 |           0:00 |     0     0     0     0 |
|        ONE/USDT |         0 |           0.00 |           0.00 |             0.000 |           0.00 |           0:00 |     0     0     0     0 |
|       ASTR/USDT |         0 |           0.00 |           0.00 |             0.000 |           0.00 |           0:00 |     0     0     0     0 |
|        ILV/USDT |         0 |           0.00 |           0.00 |             0.000 |           0.00 |           0:00 |     0     0     0     0 |
|       BICO/USDT |         0 |           0.00 |           0.00 |             0.000 |           0.00 |           0:00 |     0     0     0     0 |
|        YFI/USDT |         0 |           0.00 |           0.00 |             0.000 |           0.00 |           0:00 |     0     0     0     0 |
|       RDNT/USDT |         0 |           0.00 |           0.00 |             0.000 |           0.00 |           0:00 |     0     0     0     0 |
|        LPT/USDT |         0 |           0.00 |           0.00 |             0.000 |           0.00 |           0:00 |     0     0     0     0 |
|      AERGO/USDT |         0 |           0.00 |           0.00 |             0.000 |           0.00 |           0:00 |     0     0     0     0 |
|        RLC/USDT |         0 |           0.00 |           0.00 |             0.000 |           0.00 |           0:00 |     0     0     0     0 |
|        MBL/USDT |         0 |           0.00 |           0.00 |             0.000 |           0.00 |           0:00 |     0     0     0     0 |
|        FIO/USDT |         0 |           0.00 |           0.00 |             0.000 |           0.00 |           0:00 |     0     0     0     0 |
|       LINK/USDT |         0 |           0.00 |           0.00 |             0.000 |           0.00 |           0:00 |     0     0     0     0 |
|        ICX/USDT |         0 |           0.00 |           0.00 |             0.000 |           0.00 |           0:00 |     0     0     0     0 |
|      JASMY/USDT |         0 |           0.00 |           0.00 |             0.000 |           0.00 |           0:00 |     0     0     0     0 |
|      FORTH/USDT |         0 |           0.00 |           0.00 |             0.000 |           0.00 |           0:00 |     0     0     0     0 |
|       HOOK/USDT |         0 |           0.00 |           0.00 |             0.000 |           0.00 |           0:00 |     0     0     0     0 |
|        ASR/USDT |         0 |           0.00 |           0.00 |             0.000 |           0.00 |           0:00 |     0     0     0     0 |
|       POND/USDT |         0 |           0.00 |           0.00 |             0.000 |           0.00 |           0:00 |     0     0     0     0 |
|        XVG/USDT |         0 |           0.00 |           0.00 |             0.000 |           0.00 |           0:00 |     0     0     0     0 |
|       HIGH/USDT |         0 |           0.00 |           0.00 |             0.000 |           0.00 |           0:00 |     0     0     0     0 |
|       CTSI/USDT |         0 |           0.00 |           0.00 |             0.000 |           0.00 |           0:00 |     0     0     0     0 |
|       OSMO/USDT |         0 |           0.00 |           0.00 |             0.000 |           0.00 |           0:00 |     0     0     0     0 |
|        NEO/USDT |         0 |           0.00 |           0.00 |             0.000 |           0.00 |           0:00 |     0     0     0     0 |
|        KMD/USDT |         0 |           0.00 |           0.00 |             0.000 |           0.00 |           0:00 |     0     0     0     0 |
|        OGN/USDT |         0 |           0.00 |           0.00 |             0.000 |           0.00 |           0:00 |     0     0     0     0 |
|        YGG/USDT |         0 |           0.00 |           0.00 |             0.000 |           0.00 |           0:00 |     0     0     0     0 |
|       GALA/USDT |         0 |           0.00 |           0.00 |             0.000 |           0.00 |           0:00 |     0     0     0     0 |
|        LRC/USDT |         0 |           0.00 |           0.00 |             0.000 |           0.00 |           0:00 |     0     0     0     0 |
|        SUI/USDT |         0 |           0.00 |           0.00 |             0.000 |           0.00 |           0:00 |     0     0     0     0 |
|       CITY/USDT |         0 |           0.00 |           0.00 |             0.000 |           0.00 |           0:00 |     0     0     0     0 |
|        CHZ/USDT |         0 |           0.00 |           0.00 |             0.000 |           0.00 |           0:00 |     0     0     0     0 |
|       HBAR/USDT |         0 |           0.00 |           0.00 |             0.000 |           0.00 |           0:00 |     0     0     0     0 |
|        HOT/USDT |         0 |           0.00 |           0.00 |             0.000 |           0.00 |           0:00 |     0     0     0     0 |
|       ORDI/USDT |         0 |           0.00 |           0.00 |             0.000 |           0.00 |           0:00 |     0     0     0     0 |
|        GNS/USDT |         0 |           0.00 |           0.00 |             0.000 |           0.00 |           0:00 |     0     0     0     0 |
|      SPELL/USDT |         0 |           0.00 |           0.00 |             0.000 |           0.00 |           0:00 |     0     0     0     0 |
|       CAKE/USDT |         0 |           0.00 |           0.00 |             0.000 |           0.00 |           0:00 |     0     0     0     0 |
|      QUICK/USDT |         0 |           0.00 |           0.00 |             0.000 |           0.00 |           0:00 |     0     0     0     0 |
|        SNX/USDT |         0 |           0.00 |           0.00 |             0.000 |           0.00 |           0:00 |     0     0     0     0 |
|       ARKM/USDT |         0 |           0.00 |           0.00 |             0.000 |           0.00 |           0:00 |     0     0     0     0 |
|        MAV/USDT |         0 |           0.00 |           0.00 |             0.000 |           0.00 |           0:00 |     0     0     0     0 |
|      COMBO/USDT |         0 |           0.00 |           0.00 |             0.000 |           0.00 |           0:00 |     0     0     0     0 |
|        PHA/USDT |         0 |           0.00 |           0.00 |             0.000 |           0.00 |           0:00 |     0     0     0     0 |
|        BNX/USDT |         0 |           0.00 |           0.00 |             0.000 |           0.00 |           0:00 |     0     0     0     0 |
|        MKR/USDT |         0 |           0.00 |           0.00 |             0.000 |           0.00 |           0:00 |     0     0     0     0 |
|        XEC/USDT |         0 |           0.00 |           0.00 |             0.000 |           0.00 |           0:00 |     0     0     0     0 |
|      VANRY/USDT |         0 |           0.00 |           0.00 |             0.000 |           0.00 |           0:00 |     0     0     0     0 |
|       COTI/USDT |         0 |           0.00 |           0.00 |             0.000 |           0.00 |           0:00 |     0     0     0     0 |
|      STORJ/USDT |         0 |           0.00 |           0.00 |             0.000 |           0.00 |           0:00 |     0     0     0     0 |
|       FIRO/USDT |         0 |           0.00 |           0.00 |             0.000 |           0.00 |           0:00 |     0     0     0     0 |
|        GRT/USDT |         0 |           0.00 |           0.00 |             0.000 |           0.00 |           0:00 |     0     0     0     0 |
|       CELO/USDT |         0 |           0.00 |           0.00 |             0.000 |           0.00 |           0:00 |     0     0     0     0 |
|       PIVX/USDT |         0 |           0.00 |           0.00 |             0.000 |           0.00 |           0:00 |     0     0     0     0 |
|       KAVA/USDT |         0 |           0.00 |           0.00 |             0.000 |           0.00 |           0:00 |     0     0     0     0 |
|       DUSK/USDT |         0 |           0.00 |           0.00 |             0.000 |           0.00 |           0:00 |     0     0     0     0 |
|        FTM/USDT |         0 |           0.00 |           0.00 |             0.000 |           0.00 |           0:00 |     0     0     0     0 |
|        MDT/USDT |         0 |           0.00 |           0.00 |             0.000 |           0.00 |           0:00 |     0     0     0     0 |
|        GTC/USDT |         0 |           0.00 |           0.00 |             0.000 |           0.00 |           0:00 |     0     0     0     0 |
|        BAR/USDT |         0 |           0.00 |           0.00 |             0.000 |           0.00 |           0:00 |     0     0     0     0 |
|      TFUEL/USDT |         0 |           0.00 |           0.00 |             0.000 |           0.00 |           0:00 |     0     0     0     0 |
|        RPL/USDT |         0 |           0.00 |           0.00 |             0.000 |           0.00 |           0:00 |     0     0     0     0 |
|       ROSE/USDT |         0 |           0.00 |           0.00 |             0.000 |           0.00 |           0:00 |     0     0     0     0 |
|        NFP/USDT |         0 |           0.00 |           0.00 |             0.000 |           0.00 |           0:00 |     0     0     0     0 |
|        C98/USDT |         0 |           0.00 |           0.00 |             0.000 |           0.00 |           0:00 |     0     0     0     0 |
|        KNC/USDT |         0 |           0.00 |           0.00 |             0.000 |           0.00 |           0:00 |     0     0     0     0 |
|        WAN/USDT |         0 |           0.00 |           0.00 |             0.000 |           0.00 |           0:00 |     0     0     0     0 |
|        FLM/USDT |         0 |           0.00 |           0.00 |             0.000 |           0.00 |           0:00 |     0     0     0     0 |
|        AVA/USDT |         0 |           0.00 |           0.00 |             0.000 |           0.00 |           0:00 |     0     0     0     0 |
|        ACM/USDT |         0 |           0.00 |           0.00 |             0.000 |           0.00 |           0:00 |     0     0     0     0 |
|        SFP/USDT |         0 |           0.00 |           0.00 |             0.000 |           0.00 |           0:00 |     0     0     0     0 |
|       WAXP/USDT |         0 |           0.00 |           0.00 |             0.000 |           0.00 |           0:00 |     0     0     0     0 |
|        HFT/USDT |         0 |           0.00 |           0.00 |             0.000 |           0.00 |           0:00 |     0     0     0     0 |
|        ENJ/USDT |         0 |           0.00 |           0.00 |             0.000 |           0.00 |           0:00 |     0     0     0     0 |
|       MOVR/USDT |         0 |           0.00 |           0.00 |             0.000 |           0.00 |           0:00 |     0     0     0     0 |
|       SAND/USDT |         0 |           0.00 |           0.00 |             0.000 |           0.00 |           0:00 |     0     0     0     0 |
|       PEPE/USDT |         0 |           0.00 |           0.00 |             0.000 |           0.00 |           0:00 |     0     0     0     0 |
|        SYN/USDT |         0 |           0.00 |           0.00 |             0.000 |           0.00 |           0:00 |     0     0     0     0 |
|        GMT/USDT |         0 |           0.00 |           0.00 |             0.000 |           0.00 |           0:00 |     0     0     0     0 |
|       QTUM/USDT |         0 |           0.00 |           0.00 |             0.000 |           0.00 |           0:00 |     0     0     0     0 |
|        PYR/USDT |         0 |           0.00 |           0.00 |             0.000 |           0.00 |           0:00 |     0     0     0     0 |
|        SSV/USDT |         0 |           0.00 |           0.00 |             0.000 |           0.00 |           0:00 |     0     0     0     0 |
|        ENS/USDT |         0 |           0.00 |           0.00 |             0.000 |           0.00 |           0:00 |     0     0     0     0 |
|      SUPER/USDT |         0 |           0.00 |           0.00 |             0.000 |           0.00 |           0:00 |     0     0     0     0 |
|        STG/USDT |         0 |           0.00 |           0.00 |             0.000 |           0.00 |           0:00 |     0     0     0     0 |
|       LUNA/USDT |         0 |           0.00 |           0.00 |             0.000 |           0.00 |           0:00 |     0     0     0     0 |
|        ACE/USDT |         0 |           0.00 |           0.00 |             0.000 |           0.00 |           0:00 |     0     0     0     0 |
|        REQ/USDT |         0 |           0.00 |           0.00 |             0.000 |           0.00 |           0:00 |     0     0     0     0 |
|        ONG/USDT |         0 |           0.00 |           0.00 |             0.000 |           0.00 |           0:00 |     0     0     0     0 |
|        TWT/USDT |         0 |           0.00 |           0.00 |             0.000 |           0.00 |           0:00 |     0     0     0     0 |
|        FUN/USDT |         0 |           0.00 |           0.00 |             0.000 |           0.00 |           0:00 |     0     0     0     0 |
|        XTZ/USDT |         0 |           0.00 |           0.00 |             0.000 |           0.00 |           0:00 |     0     0     0     0 |
|        ARB/USDT |         0 |           0.00 |           0.00 |             0.000 |           0.00 |           0:00 |     0     0     0     0 |
|        CKB/USDT |         0 |           0.00 |           0.00 |             0.000 |           0.00 |           0:00 |     0     0     0     0 |
|       BAND/USDT |         0 |           0.00 |           0.00 |             0.000 |           0.00 |           0:00 |     0     0     0     0 |
|       POWR/USDT |         0 |           0.00 |           0.00 |             0.000 |           0.00 |           0:00 |     0     0     0     0 |
|      BEAMX/USDT |         0 |           0.00 |           0.00 |             0.000 |           0.00 |           0:00 |     0     0     0     0 |
|         ID/USDT |         0 |           0.00 |           0.00 |             0.000 |           0.00 |           0:00 |     0     0     0     0 |
|        TRB/USDT |         0 |           0.00 |           0.00 |             0.000 |           0.00 |           0:00 |     0     0     0     0 |
|     PUNDIX/USDT |         0 |           0.00 |           0.00 |             0.000 |           0.00 |           0:00 |     0     0     0     0 |
|        APT/USDT |         0 |           0.00 |           0.00 |             0.000 |           0.00 |           0:00 |     0     0     0     0 |
|       AGLD/USDT |         0 |           0.00 |           0.00 |             0.000 |           0.00 |           0:00 |     0     0     0     0 |
|       NTRN/USDT |         0 |           0.00 |           0.00 |             0.000 |           0.00 |           0:00 |     0     0     0     0 |
|        FXS/USDT |         0 |           0.00 |           0.00 |             0.000 |           0.00 |           0:00 |     0     0     0     0 |
|      AUDIO/USDT |         0 |           0.00 |           0.00 |             0.000 |           0.00 |           0:00 |     0     0     0     0 |
|        DCR/USDT |         0 |           0.00 |           0.00 |             0.000 |           0.00 |           0:00 |     0     0     0     0 |
|        CLV/USDT |         0 |           0.00 |           0.00 |             0.000 |           0.00 |           0:00 |     0     0     0     0 |
|        RAY/USDT |         0 |           0.00 |           0.00 |             0.000 |           0.00 |           0:00 |     0     0     0     0 |
|       DEXE/USDT |         0 |           0.00 |           0.00 |             0.000 |           0.00 |           0:00 |     0     0     0     0 |
|        TRU/USDT |         0 |           0.00 |           0.00 |             0.000 |           0.00 |           0:00 |     0     0     0     0 |
|       LUNC/USDT |         0 |           0.00 |           0.00 |             0.000 |           0.00 |           0:00 |     0     0     0     0 |
|        JST/USDT |         0 |           0.00 |           0.00 |             0.000 |           0.00 |           0:00 |     0     0     0     0 |
|        STX/USDT |         0 |           0.00 |           0.00 |             0.000 |           0.00 |           0:00 |     0     0     0     0 |
|        NMR/USDT |         0 |           0.00 |           0.00 |             0.000 |           0.00 |           0:00 |     0     0     0     0 |
|        FIS/USDT |         0 |           0.00 |           0.00 |             0.000 |           0.00 |           0:00 |     0     0     0     0 |
|       MEME/USDT |         0 |           0.00 |           0.00 |             0.000 |           0.00 |           0:00 |     0     0     0     0 |
|       RUNE/USDT |         0 |           0.00 |           0.00 |             0.000 |           0.00 |           0:00 |     0     0     0     0 |
|        XVS/USDT |         0 |           0.00 |           0.00 |             0.000 |           0.00 |           0:00 |     0     0     0     0 |
|       BLUR/USDT |         0 |           0.00 |           0.00 |             0.000 |           0.00 |           0:00 |     0     0     0     0 |
|   1000SATS/USDT |         0 |           0.00 |           0.00 |             0.000 |           0.00 |           0:00 |     0     0     0     0 |
|       FARM/USDT |         0 |           0.00 |           0.00 |             0.000 |           0.00 |           0:00 |     0     0     0     0 |
|        WLD/USDT |         0 |           0.00 |           0.00 |             0.000 |           0.00 |           0:00 |     0     0     0     0 |
|        QNT/USDT |         0 |           0.00 |           0.00 |             0.000 |           0.00 |           0:00 |     0     0     0     0 |
|        MLN/USDT |         0 |           0.00 |           0.00 |             0.000 |           0.00 |           0:00 |     0     0     0     0 |
|       STMX/USDT |         0 |           0.00 |           0.00 |             0.000 |           0.00 |           0:00 |     0     0     0     0 |
|        CVX/USDT |         0 |           0.00 |           0.00 |             0.000 |           0.00 |           0:00 |     0     0     0     0 |
|        OXT/USDT |         0 |           0.00 |           0.00 |             0.000 |           0.00 |           0:00 |     0     0     0     0 |
|         OM/USDT |         0 |           0.00 |           0.00 |             0.000 |           0.00 |           0:00 |     0     0     0     0 |
|       NEAR/USDT |         0 |           0.00 |           0.00 |             0.000 |           0.00 |           0:00 |     0     0     0     0 |
|      1INCH/USDT |         0 |           0.00 |           0.00 |             0.000 |           0.00 |           0:00 |     0     0     0     0 |
|      THETA/USDT |         0 |           0.00 |           0.00 |             0.000 |           0.00 |           0:00 |     0     0     0     0 |
|          W/USDT |         0 |           0.00 |           0.00 |             0.000 |           0.00 |           0:00 |     0     0     0     0 |
|       OMNI/USDT |         0 |           0.00 |           0.00 |             0.000 |           0.00 |           0:00 |     0     0     0     0 |
|       HIFI/USDT |         0 |           0.00 |           0.00 |             0.000 |           0.00 |           0:00 |     0     0     0     0 |
|       DASH/USDT |         0 |           0.00 |           0.00 |             0.000 |           0.00 |           0:00 |     0     0     0     0 |
|       PYTH/USDT |         0 |           0.00 |           0.00 |             0.000 |           0.00 |           0:00 |     0     0     0     0 |
|        BCH/USDT |         0 |           0.00 |           0.00 |             0.000 |           0.00 |           0:00 |     0     0     0     0 |
|        ZRO/USDT |         0 |           0.00 |           0.00 |             0.000 |           0.00 |           0:00 |     0     0     0     0 |
|        REZ/USDT |         0 |           0.00 |           0.00 |             0.000 |           0.00 |           0:00 |     0     0     0     0 |
|      SUSHI/USDT |         0 |           0.00 |           0.00 |             0.000 |           0.00 |           0:00 |     0     0     0     0 |
|       AEVO/USDT |         0 |           0.00 |           0.00 |             0.000 |           0.00 |           0:00 |     0     0     0     0 |
|        JUP/USDT |         0 |           0.00 |           0.00 |             0.000 |           0.00 |           0:00 |     0     0     0     0 |
|        FIL/USDT |         0 |           0.00 |           0.00 |             0.000 |           0.00 |           0:00 |     0     0     0     0 |
|        DYM/USDT |         0 |           0.00 |           0.00 |             0.000 |           0.00 |           0:00 |     0     0     0     0 |
|       MANA/USDT |         0 |           0.00 |           0.00 |             0.000 |           0.00 |           0:00 |     0     0     0     0 |
|        EOS/USDT |         0 |           0.00 |           0.00 |             0.000 |           0.00 |           0:00 |     0     0     0     0 |
|        BAT/USDT |         0 |           0.00 |           0.00 |             0.000 |           0.00 |           0:00 |     0     0     0     0 |
|       TNSR/USDT |         0 |           0.00 |           0.00 |             0.000 |           0.00 |           0:00 |     0     0     0     0 |
|        XRP/USDT |         0 |           0.00 |           0.00 |             0.000 |           0.00 |           0:00 |     0     0     0     0 |
|        TAO/USDT |         0 |           0.00 |           0.00 |             0.000 |           0.00 |           0:00 |     0     0     0     0 |
|       DOGE/USDT |         0 |           0.00 |           0.00 |             0.000 |           0.00 |           0:00 |     0     0     0     0 |
|        ADA/USDT |         0 |           0.00 |           0.00 |             0.000 |           0.00 |           0:00 |     0     0     0     0 |
|       ALGO/USDT |         0 |           0.00 |           0.00 |             0.000 |           0.00 |           0:00 |     0     0     0     0 |
|       ATOM/USDT |         0 |           0.00 |           0.00 |             0.000 |           0.00 |           0:00 |     0     0     0     0 |
|        AXL/USDT |         0 |           0.00 |           0.00 |             0.000 |           0.00 |           0:00 |     0     0     0     0 |
|      RONIN/USDT |         0 |           0.00 |           0.00 |             0.000 |           0.00 |           0:00 |     0     0     0     0 |
|        ETC/USDT |         0 |           0.00 |           0.00 |             0.000 |           0.00 |           0:00 |     0     0     0     0 |
|         ZK/USDT |         0 |           0.00 |           0.00 |             0.000 |           0.00 |           0:00 |     0     0     0     0 |
|       MINA/USDT |         0 |           0.00 |           0.00 |             0.000 |           0.00 |           0:00 |     0     0     0     0 |
|        XLM/USDT |         0 |           0.00 |           0.00 |             0.000 |           0.00 |           0:00 |     0     0     0     0 |
|       STRK/USDT |         0 |           0.00 |           0.00 |             0.000 |           0.00 |           0:00 |     0     0     0     0 |
|        ADX/USDT |         0 |           0.00 |           0.00 |             0.000 |           0.00 |           0:00 |     0     0     0     0 |
|      ETHFI/USDT |         0 |           0.00 |           0.00 |             0.000 |           0.00 |           0:00 |     0     0     0     0 |
|      LISTA/USDT |         0 |           0.00 |           0.00 |             0.000 |           0.00 |           0:00 |     0     0     0     0 |
|        ICP/USDT |         0 |           0.00 |           0.00 |             0.000 |           0.00 |           0:00 |     0     0     0     0 |
|        VET/USDT |         0 |           0.00 |           0.00 |             0.000 |           0.00 |           0:00 |     0     0     0     0 |
|     PORTAL/USDT |         0 |           0.00 |           0.00 |             0.000 |           0.00 |           0:00 |     0     0     0     0 |
|       SHIB/USDT |         0 |           0.00 |           0.00 |             0.000 |           0.00 |           0:00 |     0     0     0     0 |
|        UNI/USDT |         0 |           0.00 |           0.00 |             0.000 |           0.00 |           0:00 |     0     0     0     0 |
|        WIF/USDT |         0 |           0.00 |           0.00 |             0.000 |           0.00 |           0:00 |     0     0     0     0 |
|        PDA/USDT |         0 |           0.00 |           0.00 |             0.000 |           0.00 |           0:00 |     0     0     0     0 |
|        DOT/USDT |         0 |           0.00 |           0.00 |             0.000 |           0.00 |           0:00 |     0     0     0     0 |
|       AVAX/USDT |         0 |           0.00 |           0.00 |             0.000 |           0.00 |           0:00 |     0     0     0     0 |
|      METIS/USDT |         0 |           0.00 |           0.00 |             0.000 |           0.00 |           0:00 |     0     0     0     0 |
|        ALT/USDT |         0 |           0.00 |           0.00 |             0.000 |           0.00 |           0:00 |     0     0     0     0 |
|        ZEC/USDT |         0 |           0.00 |           0.00 |             0.000 |           0.00 |           0:00 |     0     0     0     0 |
|      MANTA/USDT |         0 |           0.00 |           0.00 |             0.000 |           0.00 |           0:00 |     0     0     0     0 |
|        TRX/USDT |         0 |           0.00 |           0.00 |             0.000 |           0.00 |           0:00 |     0     0     0     0 |
|      EIGEN/USDT |         0 |           0.00 |           0.00 |             0.000 |           0.00 |           0:00 |     0     0     0     0 |
|      HMSTR/USDT |         0 |           0.00 |           0.00 |             0.000 |           0.00 |           0:00 |     0     0     0     0 |
|       CATI/USDT |         0 |           0.00 |           0.00 |             0.000 |           0.00 |           0:00 |     0     0     0     0 |
|      TURBO/USDT |         0 |           0.00 |           0.00 |             0.000 |           0.00 |           0:00 |     0     0     0     0 |
|        POL/USDT |         0 |           0.00 |           0.00 |             0.000 |           0.00 |           0:00 |     0     0     0     0 |
|       DOGS/USDT |         0 |           0.00 |           0.00 |             0.000 |           0.00 |           0:00 |     0     0     0     0 |
|        TON/USDT |         0 |           0.00 |           0.00 |             0.000 |           0.00 |           0:00 |     0     0     0     0 |
|     RENDER/USDT |         0 |           0.00 |           0.00 |             0.000 |           0.00 |           0:00 |     0     0     0     0 |
|       PROM/USDT |         4 |           0.05 |           0.21 |            -3.831 |          -0.38 |        2:40:00 |     2     0     2  50.0 |
|        SKL/USDT |         1 |          -1.29 |          -1.29 |            -6.739 |          -0.67 |        6:50:00 |     0     0     1     0 |
|        SLP/USDT |         2 |          -0.20 |          -0.39 |           -12.509 |          -1.25 |        1:05:00 |     1     0     1  50.0 |
|      LAZIO/USDT |         2 |          -0.66 |          -1.32 |           -17.825 |          -1.78 |        2:10:00 |     1     0     1  50.0 |
|        CVC/USDT |         2 |          -1.00 |          -1.99 |           -20.779 |          -2.08 |        0:20:00 |     1     0     1  50.0 |
|        ELF/USDT |         2 |          -2.35 |          -4.70 |           -23.641 |          -2.36 |        8:05:00 |     1     0     1  50.0 |
|       NULS/USDT |         5 |          -0.38 |          -1.89 |           -23.858 |          -2.39 |        2:30:00 |     4     0     1  80.0 |
|        BLZ/USDT |         1 |          -3.50 |          -3.50 |           -33.954 |          -3.40 |        2:45:00 |     0     0     1     0 |
|        VIC/USDT |         4 |          -1.27 |          -5.09 |           -35.424 |          -3.54 |        0:44:00 |     3     0     1  75.0 |
|        DAR/USDT |         2 |          -3.64 |          -7.27 |           -37.446 |          -3.74 |        1:18:00 |     1     0     1  50.0 |
|      ALPHA/USDT |         2 |          -1.52 |          -3.04 |           -37.591 |          -3.76 |        1:15:00 |     1     0     1  50.0 |
|       WING/USDT |         6 |          -0.80 |          -4.80 |           -50.268 |          -5.03 |        2:01:00 |     3     0     3  50.0 |
|         OG/USDT |         8 |          -0.29 |          -2.30 |           -50.720 |          -5.07 |        0:52:00 |     5     0     3  62.5 |
|       KP3R/USDT |         2 |          -1.87 |          -3.73 |           -51.529 |          -5.15 |        0:30:00 |     1     0     1  50.0 |
|       LOKA/USDT |         3 |          -2.96 |          -8.89 |           -55.958 |          -5.60 |        1:15:00 |     2     0     1  66.7 |
|       PROS/USDT |         8 |          -0.36 |          -2.87 |           -56.012 |          -5.60 |        2:53:00 |     7     0     1  87.5 |
|       ALCX/USDT |         1 |          -7.27 |          -7.27 |           -75.722 |          -7.57 |        8:20:00 |     0     0     1     0 |
|        TLM/USDT |         1 |         -16.55 |         -16.55 |           -98.489 |          -9.85 |       11:20:00 |     0     0     1     0 |
|       DEGO/USDT |         2 |          -4.66 |          -9.32 |          -110.767 |         -11.08 |       12:25:00 |     1     0     1  50.0 |
|           TOTAL |       253 |           0.96 |         241.79 |          2066.730 |         206.67 |        1:30:00 |   210     0    43  83.0 |
======================================================= LEFT OPEN TRADES REPORT ========================================================
|   Pair |   Entries |   Avg Profit % |   Cum Profit % |   Tot Profit USDT |   Tot Profit % |   Avg Duration |   Win  Draw  Loss  Win% |
|--------+-----------+----------------+----------------+-------------------+----------------+----------------+-------------------------|
|  TOTAL |         0 |           0.00 |           0.00 |             0.000 |           0.00 |           0:00 |     0     0     0     0 |
============================================================== ENTER TAG STATS ===============================================================
|          TAG |   Entries |   Avg Profit % |   Cum Profit % |   Tot Profit USDT |   Tot Profit % |   Avg Duration |   Win  Draw  Loss  Win% |
|--------------+-----------+----------------+----------------+-------------------+----------------+----------------+-------------------------|
|        buy_1 |        80 |           1.30 |         103.88 |           986.453 |          98.65 |        1:18:00 |    69     0    11  86.2 |
|      buy_new |       153 |           0.64 |          98.48 |           634.190 |          63.42 |        1:39:00 |   124     0    29  81.0 |
| buy_1buy_new |        20 |           1.97 |          39.43 |           446.087 |          44.61 |        1:09:00 |    17     0     3  85.0 |
|        TOTAL |       253 |           0.96 |         241.79 |          2066.730 |         206.67 |        1:30:00 |   210     0    43  83.0 |
======================================================= EXIT REASON STATS ========================================================
|        Exit Reason |   Exits |   Win  Draws  Loss  Win% |   Avg Profit % |   Cum Profit % |   Tot Profit USDT |   Tot Profit % |
|--------------------+---------+--------------------------+----------------+----------------+-------------------+----------------|
|  fastk_profit_sell |     175 |    175     0     0   100 |           1.52 |         266.71 |          2273.23  |         133.36 |
|         ma120_sell |      30 |      2     0    28   6.7 |          -6.2  |        -186.06 |         -1726.62  |         -93.03 |
| trailing_stop_loss |      30 |     30     0     0   100 |           7.36 |         220.79 |          2121.36  |         110.4  |
|      cci_loss_sell |      17 |      3     0    14  17.6 |          -2.03 |         -34.51 |          -303.593 |         -17.25 |
|          stop_loss |       1 |      0     0     1     0 |         -25.15 |         -25.15 |          -297.643 |         -12.57 |
================== SUMMARY METRICS ==================
| Metric                      | Value               |
|-----------------------------+---------------------|
| Backtesting from            | 2024-08-01 00:00:00 |
| Backtesting to              | 2024-10-28 14:45:00 |
| Max open trades             | 2                   |
|                             |                     |
| Total/Daily Avg Trades      | 253 / 2.88          |
| Starting balance            | 1000 USDT           |
| Final balance               | 3066.73 USDT        |
| Absolute profit             | 2066.73 USDT        |
| Total profit %              | 206.67%             |
| CAGR %                      | 10337.53%           |
| Sortino                     | 8.07                |
| Sharpe                      | 9.89                |
| Calmar                      | 229.49              |
| Profit factor               | 1.87                |
| Expectancy (Ratio)          | 8.17 (0.15)         |
| Trades per day              | 2.88                |
| Avg. daily profit %         | 2.35%               |
| Avg. stake amount           | 864.345 USDT        |
| Total trade volume          | 218679.373 USDT     |
|                             |                     |
| Best Pair                   | FTT/USDT 30.40%     |
| Worst Pair                  | TLM/USDT -16.55%    |
| Best trade                  | TROY/USDT 22.25%    |
| Worst trade                 | PROS/USDT -25.15%   |
| Best day                    | 470.712 USDT        |
| Worst day                   | -433.095 USDT       |
| Days win/draw/lose          | 57 / 18 / 13        |
| Avg. Duration Winners       | 0:57:00             |
| Avg. Duration Loser         | 4:08:00             |
| Max Consecutive Wins / Loss | 32 / 3              |
| Rejected Entry signals      | 417                 |
| Entry/Exit Timeouts         | 0 / 0               |
|                             |                     |
| Min balance                 | 1004.33 USDT        |
| Max balance                 | 3066.73 USDT        |
| Max % of account underwater | 19.55%              |
| Absolute Drawdown (Account) | 19.55%              |
| Absolute Drawdown           | 467.049 USDT        |
| Drawdown high               | 1388.748 USDT       |
| Drawdown low                | 921.699 USDT        |
| Drawdown Start              | 2024-10-02 05:05:00 |
| Drawdown End                | 2024-10-04 06:00:00 |
| Market change               | -8.00%              |
=====================================================

Backtested 2024-08-01 00:00:00 -> 2024-10-28 14:45:00 | Max open trades : 2
========================================================================= STRATEGY SUMMARY ========================================================================
|   Strategy |   Entries |   Avg Profit % |   Cum Profit % |   Tot Profit USDT |   Tot Profit % |   Avg Duration |   Win  Draw  Loss  Win% |             Drawdown |
|------------+-----------+----------------+----------------+-------------------+----------------+----------------+-------------------------+----------------------|
|     E0V1E1 |       253 |           0.96 |         241.79 |          2066.730 |         206.67 |        1:30:00 |   210     0    43  83.0 | 467.049 USDT  19.55% |
===================================================================================================================================================================
